#ParticleID	Turn	x[m]	xp	y[m]	yp	z[m]	dE[GeV]
0	0	-0.000003	0.000000	0.000000	0.000000	0.499970	-0.000001
0	1	-0.000004	0.000000	0.000000	0.000000	0.499899	-0.000002
0	2	-0.000005	0.000000	0.000000	0.000000	0.499786	-0.000003
0	3	-0.000005	0.000000	0.000000	0.000000	0.499633	-0.000004
0	4	-0.000008	0.000000	0.000000	0.000000	0.499438	-0.000005
0	5	-0.000011	0.000000	0.000000	0.000000	0.499202	-0.000006
0	6	-0.000013	0.000000	0.000000	0.000000	0.498926	-0.000007
0	7	-0.000013	0.000000	0.000000	0.000000	0.498609	-0.000008
0	8	-0.000013	0.000000	0.000000	0.000000	0.498250	-0.000009
0	9	-0.000015	0.000000	0.000000	0.000000	0.497851	-0.000010
0	10	-0.000018	0.000000	0.000000	0.000000	0.497410	-0.000011
0	11	-0.000021	0.000000	0.000000	0.000000	0.496930	-0.000011
0	12	-0.000022	0.000000	0.000000	0.000000	0.496408	-0.000012
0	13	-0.000022	0.000000	0.000000	0.000000	0.495845	-0.000013
0	14	-0.000023	0.000000	0.000000	0.000000	0.495242	-0.000014
0	15	-0.000026	0.000000	0.000000	0.000000	0.494597	-0.000015
0	16	-0.000029	0.000000	0.000000	0.000000	0.493913	-0.000016
0	17	-0.000030	0.000000	0.000000	0.000000	0.493188	-0.000017
0	18	-0.000030	0.000000	0.000000	0.000000	0.492422	-0.000018
0	19	-0.000031	0.000000	0.000000	0.000000	0.491616	-0.000019
0	20	-0.000034	0.000000	0.000000	0.000000	0.490769	-0.000020
0	21	-0.000037	0.000000	0.000000	0.000000	0.489882	-0.000021
0	22	-0.000038	0.000000	0.000000	0.000000	0.488956	-0.000022
0	23	-0.000038	0.000000	0.000000	0.000000	0.487988	-0.000023
0	24	-0.000039	0.000000	0.000000	0.000000	0.486981	-0.000024
0	25	-0.000041	0.000000	0.000000	0.000000	0.485933	-0.000025
0	26	-0.000044	0.000000	0.000000	0.000000	0.484846	-0.000026
0	27	-0.000046	0.000000	0.000000	0.000000	0.483719	-0.000027
0	28	-0.000047	0.000000	0.000000	0.000000	0.482553	-0.000027
0	29	-0.000047	0.000000	0.000000	0.000000	0.481346	-0.000028
0	30	-0.000049	0.000000	0.000000	0.000000	0.480100	-0.000029
0	31	-0.000052	0.000000	0.000000	0.000000	0.478815	-0.000030
0	32	-0.000054	0.000000	0.000000	0.000000	0.477490	-0.000031
0	33	-0.000055	0.000000	0.000000	0.000000	0.476127	-0.000032
0	34	-0.000055	0.000000	0.000000	0.000000	0.474724	-0.000033
0	35	-0.000056	0.000000	0.000000	0.000000	0.473281	-0.000034
0	36	-0.000059	0.000000	0.000000	0.000000	0.471800	-0.000035
0	37	-0.000062	0.000000	0.000000	0.000000	0.470281	-0.000036
0	38	-0.000063	0.000000	0.000000	0.000000	0.468723	-0.000037
0	39	-0.000063	0.000000	0.000000	0.000000	0.467126	-0.000037
0	40	-0.000064	0.000000	0.000000	0.000000	0.465491	-0.000038
0	41	-0.000066	0.000000	0.000000	0.000000	0.463818	-0.000039
0	42	-0.000069	0.000000	0.000000	0.000000	0.462106	-0.000040
0	43	-0.000071	0.000000	0.000000	0.000000	0.460357	-0.000041
0	44	-0.000071	0.000000	0.000000	0.000000	0.458570	-0.000042
0	45	-0.000071	0.000000	0.000000	0.000000	0.456745	-0.000043
0	46	-0.000073	0.000000	0.000000	0.000000	0.454883	-0.000044
0	47	-0.000076	0.000000	0.000000	0.000000	0.452983	-0.000045
0	48	-0.000078	0.000000	0.000000	0.000000	0.451046	-0.000045
0	49	-0.000079	0.000000	0.000000	0.000000	0.449072	-0.000046
0	50	-0.000079	0.000000	0.000000	0.000000	0.447061	-0.000047
0	51	-0.000080	0.000000	0.000000	0.000000	0.445014	-0.000048
0	52	-0.000083	0.000000	0.000000	0.000000	0.442930	-0.000049
0	53	-0.000085	0.000000	0.000000	0.000000	0.440809	-0.000050
0	54	-0.000086	0.000000	0.000000	0.000000	0.438653	-0.000051
0	55	-0.000086	0.000000	0.000000	0.000000	0.436460	-0.000051
0	56	-0.000087	0.000000	0.000000	0.000000	0.434231	-0.000052
0	57	-0.000090	0.000000	0.000000	0.000000	0.431967	-0.000053
0	58	-0.000092	0.000000	0.000000	0.000000	0.429667	-0.000054
0	59	-0.000094	0.000000	0.000000	0.000000	0.427332	-0.000055
0	60	-0.000094	0.000000	0.000000	0.000000	0.424962	-0.000056
0	61	-0.000094	0.000000	0.000000	0.000000	0.422557	-0.000056
0	62	-0.000096	0.000000	0.000000	0.000000	0.420117	-0.000057
0	63	-0.000099	0.000000	0.000000	0.000000	0.417643	-0.000058
0	64	-0.000101	0.000000	0.000000	0.000000	0.415135	-0.000059
0	65	-0.000101	0.000000	0.000000	0.000000	0.412592	-0.000060
0	66	-0.000101	0.000000	0.000000	0.000000	0.410016	-0.000060
0	67	-0.000102	0.000000	0.000000	0.000000	0.407405	-0.000061
0	68	-0.000105	0.000000	0.000000	0.000000	0.404762	-0.000062
0	69	-0.000107	0.000000	0.000000	0.000000	0.402085	-0.000063
0	70	-0.000108	0.000000	0.000000	0.000000	0.399375	-0.000063
0	71	-0.000108	0.000000	0.000000	0.000000	0.396632	-0.000064
0	72	-0.000109	0.000000	0.000000	0.000000	0.393857	-0.000065
0	73	-0.000111	0.000000	0.000000	0.000000	0.391049	-0.000066
0	74	-0.000114	0.000000	0.000000	0.000000	0.388209	-0.000066
0	75	-0.000114	0.000000	0.000000	0.000000	0.385338	-0.000067
0	76	-0.000114	0.000000	0.000000	0.000000	0.382435	-0.000068
0	77	-0.000115	0.000000	0.000000	0.000000	0.379500	-0.000069
0	78	-0.000117	0.000000	0.000000	0.000000	0.376534	-0.000069
0	79	-0.000120	0.000000	0.000000	0.000000	0.373537	-0.000070
0	80	-0.000121	0.000000	0.000000	0.000000	0.370510	-0.000071
0	81	-0.000121	0.000000	0.000000	0.000000	0.367452	-0.000072
0	82	-0.000121	0.000000	0.000000	0.000000	0.364363	-0.000072
0	83	-0.000123	0.000000	0.000000	0.000000	0.361245	-0.000073
0	84	-0.000125	0.000000	0.000000	0.000000	0.358097	-0.000074
0	85	-0.000127	0.000000	0.000000	0.000000	0.354920	-0.000074
0	86	-0.000127	0.000000	0.000000	0.000000	0.351714	-0.000075
0	87	-0.000127	0.000000	0.000000	0.000000	0.348479	-0.000076
0	88	-0.000128	0.000000	0.000000	0.000000	0.345215	-0.000076
0	89	-0.000130	0.000000	0.000000	0.000000	0.341923	-0.000077
0	90	-0.000133	0.000000	0.000000	0.000000	0.338602	-0.000078
0	91	-0.000133	0.000000	0.000000	0.000000	0.335255	-0.000078
0	92	-0.000133	0.000000	0.000000	0.000000	0.331879	-0.000079
0	93	-0.000133	0.000000	0.000000	0.000000	0.328476	-0.000080
0	94	-0.000135	0.000000	0.000000	0.000000	0.325046	-0.000080
0	95	-0.000138	0.000000	0.000000	0.000000	0.321589	-0.000081
0	96	-0.000139	0.000000	0.000000	0.000000	0.318106	-0.000081
0	97	-0.000138	0.000000	0.000000	0.000000	0.314597	-0.000082
0	98	-0.000138	0.000000	0.000000	0.000000	0.311062	-0.000083
0	99	-0.000140	0.000000	0.000000	0.000000	0.307501	-0.000083
0	100	-0.000143	0.000000	0.000000	0.000000	0.303916	-0.000084
0	101	-0.000144	0.000000	0.000000	0.000000	0.300305	-0.000084
0	102	-0.000143	0.000000	0.000000	0.000000	0.296670	-0.000085
0	103	-0.000143	0.000000	0.000000	0.000000	0.293010	-0.000086
0	104	-0.000145	0.000000	0.000000	0.000000	0.289326	-0.000086
0	105	-0.000147	0.000000	0.000000	0.000000	0.285618	-0.000087
0	106	-0.000149	0.000000	0.000000	0.000000	0.281887	-0.000087
0	107	-0.000149	0.000000	0.000000	0.000000	0.278133	-0.000088
0	108	-0.000148	0.000000	0.000000	0.000000	0.274356	-0.000088
0	109	-0.000149	0.000000	0.000000	0.000000	0.270556	-0.000089
0	110	-0.000151	0.000000	0.000000	0.000000	0.266734	-0.000089
0	111	-0.000153	0.000000	0.000000	0.000000	0.262890	-0.000090
0	112	-0.000153	0.000000	0.000000	0.000000	0.259025	-0.000090
0	113	-0.000153	0.000000	0.000000	0.000000	0.255138	-0.000091
0	114	-0.000153	0.000000	0.000000	0.000000	0.251231	-0.000091
0	115	-0.000155	0.000000	0.000000	0.000000	0.247302	-0.000092
0	116	-0.000157	0.000000	0.000000	0.000000	0.243354	-0.000092
0	117	-0.000158	0.000000	0.000000	0.000000	0.239385	-0.000093
0	118	-0.000157	0.000000	0.000000	0.000000	0.235397	-0.000093
0	119	-0.000157	0.000000	0.000000	0.000000	0.231389	-0.000094
0	120	-0.000158	0.000000	0.000000	0.000000	0.227362	-0.000094
0	121	-0.000161	0.000000	0.000000	0.000000	0.223317	-0.000094
0	122	-0.000162	0.000000	0.000000	0.000000	0.219254	-0.000095
0	123	-0.000161	0.000000	0.000000	0.000000	0.215172	-0.000095
0	124	-0.000161	0.000000	0.000000	0.000000	0.211073	-0.000096
0	125	-0.000162	0.000000	0.000000	0.000000	0.206956	-0.000096
0	126	-0.000164	0.000000	0.000000	0.000000	0.202822	-0.000097
0	127	-0.000165	0.000000	0.000000	0.000000	0.198672	-0.000097
0	128	-0.000165	0.000000	0.000000	0.000000	0.194505	-0.000097
0	129	-0.000164	0.000000	0.000000	0.000000	0.190323	-0.000098
0	130	-0.000164	0.000000	0.000000	0.000000	0.186124	-0.000098
0	131	-0.000166	0.000000	0.000000	0.000000	0.181911	-0.000098
0	132	-0.000168	0.000000	0.000000	0.000000	0.177682	-0.000099
0	133	-0.000168	0.000000	0.000000	0.000000	0.173439	-0.000099
0	134	-0.000167	0.000000	0.000000	0.000000	0.169182	-0.000099
0	135	-0.000167	0.000000	0.000000	0.000000	0.164910	-0.000100
0	136	-0.000169	0.000000	0.000000	0.000000	0.160625	-0.000100
0	137	-0.000171	0.000000	0.000000	0.000000	0.156328	-0.000100
0	138	-0.000171	0.000000	0.000000	0.000000	0.152017	-0.000101
0	139	-0.000170	0.000000	0.000000	0.000000	0.147694	-0.000101
0	140	-0.000170	0.000000	0.000000	0.000000	0.143358	-0.000101
0	141	-0.000171	0.000000	0.000000	0.000000	0.139011	-0.000101
0	142	-0.000173	0.000000	0.000000	0.000000	0.134652	-0.000102
0	143	-0.000174	0.000000	0.000000	0.000000	0.130282	-0.000102
0	144	-0.000173	0.000000	0.000000	0.000000	0.125902	-0.000102
0	145	-0.000172	0.000000	0.000000	0.000000	0.121511	-0.000102
0	146	-0.000173	0.000000	0.000000	0.000000	0.117110	-0.000103
0	147	-0.000174	0.000000	0.000000	0.000000	0.112700	-0.000103
0	148	-0.000176	0.000000	0.000000	0.000000	0.108280	-0.000103
0	149	-0.000175	0.000000	0.000000	0.000000	0.103852	-0.000103
0	150	-0.000174	0.000000	0.000000	0.000000	0.099415	-0.000104
0	151	-0.000174	0.000000	0.000000	0.000000	0.094969	-0.000104
0	152	-0.000176	0.000000	0.000000	0.000000	0.090516	-0.000104
0	153	-0.000177	0.000000	0.000000	0.000000	0.086056	-0.000104
0	154	-0.000177	0.000000	0.000000	0.000000	0.081588	-0.000104
0	155	-0.000176	0.000000	0.000000	0.000000	0.077114	-0.000104
0	156	-0.000175	0.000000	0.000000	0.000000	0.072633	-0.000105
0	157	-0.000176	0.000000	0.000000	0.000000	0.068146	-0.000105
0	158	-0.000178	0.000000	0.000000	0.000000	0.063654	-0.000105
0	159	-0.000178	0.000000	0.000000	0.000000	0.059157	-0.000105
0	160	-0.000177	0.000000	0.000000	0.000000	0.054655	-0.000105
0	161	-0.000176	0.000000	0.000000	0.000000	0.050148	-0.000105
0	162	-0.000177	0.000000	0.000000	0.000000	0.045637	-0.000105
0	163	-0.000179	0.000000	0.000000	0.000000	0.041122	-0.000105
0	164	-0.000179	0.000000	0.000000	0.000000	0.036604	-0.000105
0	165	-0.000178	0.000000	0.000000	0.000000	0.032084	-0.000105
0	166	-0.000177	0.000000	0.000000	0.000000	0.027560	-0.000106
0	167	-0.000177	0.000000	0.000000	0.000000	0.023034	-0.000106
0	168	-0.000179	0.000000	0.000000	0.000000	0.018506	-0.000106
0	169	-0.000180	0.000000	0.000000	0.000000	0.013977	-0.000106
0	170	-0.000179	0.000000	0.000000	0.000000	0.009446	-0.000106
0	171	-0.000178	0.000000	0.000000	0.000000	0.004915	-0.000106
0	172	-0.000177	0.000000	0.000000	0.000000	0.000383	-0.000106
0	173	-0.000178	0.000000	0.000000	0.000000	-0.004149	-0.000106
0	174	-0.000180	0.000000	0.000000	0.000000	-0.008680	-0.000106
0	175	-0.000180	0.000000	0.000000	0.000000	-0.013210	-0.000106
0	176	-0.000178	0.000000	0.000000	0.000000	-0.017740	-0.000106
0	177	-0.000177	0.000000	0.000000	0.000000	-0.022268	-0.000106
0	178	-0.000178	0.000000	0.000000	0.000000	-0.026794	-0.000106
0	179	-0.000179	0.000000	0.000000	0.000000	-0.031318	-0.000106
0	180	-0.000179	0.000000	0.000000	0.000000	-0.035840	-0.000105
0	181	-0.000178	0.000000	0.000000	0.000000	-0.040358	-0.000105
0	182	-0.000177	0.000000	0.000000	0.000000	-0.044874	-0.000105
0	183	-0.000177	0.000000	0.000000	0.000000	-0.049385	-0.000105
0	184	-0.000178	0.000000	0.000000	0.000000	-0.053893	-0.000105
0	185	-0.000179	0.000000	0.000000	0.000000	-0.058396	-0.000105
0	186	-0.000178	0.000000	0.000000	0.000000	-0.062894	-0.000105
0	187	-0.000176	0.000000	0.000000	0.000000	-0.067387	-0.000105
0	188	-0.000176	0.000000	0.000000	0.000000	-0.071875	-0.000105
0	189	-0.000177	0.000000	0.000000	0.000000	-0.076356	-0.000105
0	190	-0.000178	0.000000	0.000000	0.000000	-0.080832	-0.000104
0	191	-0.000177	0.000000	0.000000	0.000000	-0.085300	-0.000104
0	192	-0.000175	0.000000	0.000000	0.000000	-0.089762	-0.000104
0	193	-0.000174	0.000000	0.000000	0.000000	-0.094216	-0.000104
0	194	-0.000175	0.000000	0.000000	0.000000	-0.098663	-0.000104
0	195	-0.000176	0.000000	0.000000	0.000000	-0.103102	-0.000103
0	196	-0.000176	0.000000	0.000000	0.000000	-0.107531	-0.000103
0	197	-0.000174	0.000000	0.000000	0.000000	-0.111953	-0.000103
0	198	-0.000172	0.000000	0.000000	0.000000	-0.116365	-0.000103
0	199	-0.000173	0.000000	0.000000	0.000000	-0.120767	-0.000103
0	200	-0.000174	0.000000	0.000000	0.000000	-0.125160	-0.000102
0	201	-0.000174	0.000000	0.000000	0.000000	-0.129542	-0.000102
0	202	-0.000172	0.000000	0.000000	0.000000	-0.133913	-0.000102
0	203	-0.000170	0.000000	0.000000	0.000000	-0.138274	-0.000102
0	204	-0.000170	0.000000	0.000000	0.000000	-0.142623	-0.000101
0	205	-0.000171	-0.000000	0.000000	0.000000	-0.146961	-0.000101
0	206	-0.000172	0.000000	0.000000	0.000000	-0.151286	-0.000101
0	207	-0.000170	0.000000	0.000000	0.000000	-0.155599	-0.000101
0	208	-0.000168	0.000000	0.000000	0.000000	-0.159899	-0.000100
0	209	-0.000168	0.000000	0.000000	0.000000	-0.164187	-0.000100
0	210	-0.000168	-0.000000	0.000000	0.000000	-0.168460	-0.000100
0	211	-0.000169	0.000000	0.000000	0.000000	-0.172720	-0.000099
0	212	-0.000168	0.000000	0.000000	0.000000	-0.176965	-0.000099
0	213	-0.000166	0.000000	0.000000	0.000000	-0.181196	-0.000099
0	214	-0.000165	0.000000	0.000000	0.000000	-0.185413	-0.000098
0	215	-0.000165	-0.000000	0.000000	0.000000	-0.189614	-0.000098
0	216	-0.000166	0.000000	0.000000	0.000000	-0.193799	-0.000098
0	217	-0.000165	0.000000	0.000000	0.000000	-0.197968	-0.000097
0	218	-0.000163	0.000000	0.000000	0.000000	-0.202121	-0.000097
0	219	-0.000161	0.000000	0.000000	0.000000	-0.206258	-0.000096
0	220	-0.000161	-0.000000	0.000000	0.000000	-0.210378	-0.000096
0	221	-0.000162	-0.000000	0.000000	0.000000	-0.214480	-0.000096
0	222	-0.000162	0.000000	0.000000	0.000000	-0.218564	-0.000095
0	223	-0.000160	0.000000	0.000000	0.000000	-0.222631	-0.000095
0	224	-0.000158	0.000000	0.000000	0.000000	-0.226679	-0.000094
0	225	-0.000157	0.000000	0.000000	0.000000	-0.230709	-0.000094
0	226	-0.000158	-0.000000	0.000000	0.000000	-0.234720	-0.000093
0	227	-0.000158	0.000000	0.000000	0.000000	-0.238712	-0.000093
0	228	-0.000157	0.000000	0.000000	0.000000	-0.242684	-0.000093
0	229	-0.000155	0.000000	0.000000	0.000000	-0.246636	-0.000092
0	230	-0.000153	0.000000	0.000000	0.000000	-0.250568	-0.000092
0	231	-0.000154	-0.000000	0.000000	0.000000	-0.254479	-0.000091
0	232	-0.000154	0.000000	0.000000	0.000000	-0.258369	-0.000091
0	233	-0.000153	0.000000	0.000000	0.000000	-0.262238	-0.000090
0	234	-0.000151	0.000000	0.000000	0.000000	-0.266085	-0.000090
0	235	-0.000149	0.000000	0.000000	0.000000	-0.269911	-0.000089
0	236	-0.000149	-0.000000	0.000000	0.000000	-0.273715	-0.000089
0	237	-0.000150	-0.000000	0.000000	0.000000	-0.277496	-0.000088
0	238	-0.000149	0.000000	0.000000	0.000000	-0.281254	-0.000088
0	239	-0.000147	0.000000	0.000000	0.000000	-0.284988	-0.000087
0	240	-0.000145	0.000000	0.000000	0.000000	-0.288700	-0.000086
0	241	-0.000144	-0.000000	0.000000	0.000000	-0.292388	-0.000086
0	242	-0.000145	-0.000000	0.000000	0.000000	-0.296052	-0.000085
0	243	-0.000144	0.000000	0.000000	0.000000	-0.299692	-0.000085
0	244	-0.000142	0.000000	0.000000	0.000000	-0.303307	-0.000084
0	245	-0.000140	0.000000	0.000000	0.000000	-0.306897	-0.000084
0	246	-0.000139	-0.000000	0.000000	0.000000	-0.310462	-0.000083
0	247	-0.000139	-0.000000	0.000000	0.000000	-0.314001	-0.000082
0	248	-0.000139	0.000000	0.000000	0.000000	-0.317515	-0.000082
0	249	-0.000138	0.000000	0.000000	0.000000	-0.321002	-0.000081
0	250	-0.000135	0.000000	0.000000	0.000000	-0.324463	-0.000081
0	251	-0.000134	0.000000	0.000000	0.000000	-0.327898	-0.000080
0	252	-0.000134	-0.000000	0.000000	0.000000	-0.331305	-0.000079
0	253	-0.000134	-0.000000	0.000000	0.000000	-0.334685	-0.000079
0	254	-0.000133	0.000000	0.000000	0.000000	-0.338038	-0.000078
0	255	-0.000130	0.000000	0.000000	0.000000	-0.341363	-0.000077
0	256	-0.000128	0.000000	0.000000	0.000000	-0.344660	-0.000077
0	257	-0.000128	-0.000000	0.000000	0.000000	-0.347929	-0.000076
0	258	-0.000128	-0.000000	0.000000	0.000000	-0.351169	-0.000075
0	259	-0.000127	0.000000	0.000000	0.000000	-0.354380	-0.000075
0	260	-0.000125	0.000000	0.000000	0.000000	-0.357562	-0.000074
0	261	-0.000123	0.000000	0.000000	0.000000	-0.360715	-0.000073
0	262	-0.000122	-0.000000	0.000000	0.000000	-0.363838	-0.000073
0	263	-0.000122	-0.000000	0.000000	0.000000	-0.366931	-0.000072
0	264	-0.000122	0.000000	0.000000	0.000000	-0.369994	-0.000071
0	265	-0.000120	0.000000	0.000000	0.000000	-0.373027	-0.000071
0	266	-0.000117	0.000000	0.000000	0.000000	-0.376029	-0.000070
0	267	-0.000115	-0.000000	0.000000	0.000000	-0.379000	-0.000069
0	268	-0.000115	-0.000000	0.000000	0.000000	-0.381940	-0.000068
0	269	-0.000115	-0.000000	0.000000	0.000000	-0.384849	-0.000068
0	270	-0.000114	0.000000	0.000000	0.000000	-0.387726	-0.000067
0	271	-0.000111	0.000000	0.000000	0.000000	-0.390571	-0.000066
0	272	-0.000109	-0.000000	0.000000	0.000000	-0.393384	-0.000065
0	273	-0.000109	-0.000000	0.000000	0.000000	-0.396165	-0.000065
0	274	-0.000109	-0.000000	0.000000	0.000000	-0.398913	-0.000064
0	275	-0.000108	0.000000	0.000000	0.000000	-0.401629	-0.000063
0	276	-0.000105	0.000000	0.000000	0.000000	-0.404311	-0.000062
0	277	-0.000103	0.000000	0.000000	0.000000	-0.406961	-0.000062
0	278	-0.000102	-0.000000	0.000000	0.000000	-0.409577	-0.000061
0	279	-0.000102	-0.000000	0.000000	0.000000	-0.412159	-0.000060
0	280	-0.000101	0.000000	0.000000	0.000000	-0.414707	-0.000059
0	281	-0.000099	0.000000	0.000000	0.000000	-0.417221	-0.000058
0	282	-0.000096	0.000000	0.000000	0.000000	-0.419701	-0.000058
0	283	-0.000095	-0.000000	0.000000	0.000000	-0.422147	-0.000057
0	284	-0.000095	-0.000000	0.000000	0.000000	-0.424558	-0.000056
0	285	-0.000094	-0.000000	0.000000	0.000000	-0.426934	-0.000055
0	286	-0.000092	0.000000	0.000000	0.000000	-0.429275	-0.000054
0	287	-0.000090	0.000000	0.000000	0.000000	-0.431580	-0.000054
0	288	-0.000088	-0.000000	0.000000	0.000000	-0.433851	-0.000053
0	289	-0.000087	-0.000000	0.000000	0.000000	-0.436086	-0.000052
0	290	-0.000087	-0.000000	0.000000	0.000000	-0.438284	-0.000051
0	291	-0.000086	0.000000	0.000000	0.000000	-0.440447	-0.000050
0	292	-0.000083	0.000000	0.000000	0.000000	-0.442573	-0.000049
0	293	-0.000081	-0.000000	0.000000	0.000000	-0.444664	-0.000049
0	294	-0.000080	-0.000000	0.000000	0.000000	-0.446718	-0.000048
0	295	-0.000080	-0.000000	0.000000	0.000000	-0.448735	-0.000047
0	296	-0.000079	0.000000	0.000000	0.000000	-0.450715	-0.000046
0	297	-0.000076	0.000000	0.000000	0.000000	-0.452658	-0.000045
0	298	-0.000073	-0.000000	0.000000	0.000000	-0.454564	-0.000044
0	299	-0.000072	-0.000000	0.000000	0.000000	-0.456433	-0.000043
0	300	-0.000072	-0.000000	0.000000	0.000000	-0.458264	-0.000042
0	301	-0.000071	-0.000000	0.000000	0.000000	-0.460057	-0.000042
0	302	-0.000069	0.000000	0.000000	0.000000	-0.461813	-0.000041
0	303	-0.000066	0.000000	0.000000	0.000000	-0.463531	-0.000040
0	304	-0.000065	-0.000000	0.000000	0.000000	-0.465211	-0.000039
0	305	-0.000064	-0.000000	0.000000	0.000000	-0.466853	-0.000038
0	306	-0.000064	-0.000000	0.000000	0.000000	-0.468456	-0.000037
0	307	-0.000062	0.000000	0.000000	0.000000	-0.470020	-0.000036
0	308	-0.000059	0.000000	0.000000	0.000000	-0.471546	-0.000035
0	309	-0.000057	-0.000000	0.000000	0.000000	-0.473034	-0.000034
0	310	-0.000056	-0.000000	0.000000	0.000000	-0.474483	-0.000034
0	311	-0.000056	-0.000000	0.000000	0.000000	-0.475892	-0.000033
0	312	-0.000055	0.000000	0.000000	0.000000	-0.477262	-0.000032
0	313	-0.000052	0.000000	0.000000	0.000000	-0.478594	-0.000031
0	314	-0.000049	-0.000000	0.000000	0.000000	-0.479886	-0.000030
0	315	-0.000048	-0.000000	0.000000	0.000000	-0.481138	-0.000029
0	316	-0.000048	-0.000000	0.000000	0.000000	-0.482352	-0.000028
0	317	-0.000047	-0.000000	0.000000	0.000000	-0.483525	-0.000027
0	318	-0.000044	0.000000	0.000000	0.000000	-0.484658	-0.000026
0	319	-0.000041	-0.000000	0.000000	0.000000	-0.485752	-0.000025
0	320	-0.000040	-0.000000	0.000000	0.000000	-0.486807	-0.000024
0	321	-0.000040	-0.000000	0.000000	0.000000	-0.487821	-0.000023
0	322	-0.000039	-0.000000	0.000000	0.000000	-0.488795	-0.000022
0	323	-0.000037	0.000000	0.000000	0.000000	-0.489728	-0.000022
0	324	-0.000034	-0.000000	0.000000	0.000000	-0.490622	-0.000021
0	325	-0.000032	-0.000000	0.000000	0.000000	-0.491476	-0.000020
0	326	-0.000031	-0.000000	0.000000	0.000000	-0.492289	-0.000019
0	327	-0.000031	-0.000000	0.000000	0.000000	-0.493061	-0.000018
0	328	-0.000029	-0.000000	0.000000	0.000000	-0.493793	-0.000017
0	329	-0.000026	0.000000	0.000000	0.000000	-0.494485	-0.000016
0	330	-0.000024	-0.000000	0.000000	0.000000	-0.495136	-0.000015
0	331	-0.000023	-0.000000	0.000000	0.000000	-0.495746	-0.000014
0	332	-0.000023	-0.000000	0.000000	0.000000	-0.496316	-0.000013
0	333	-0.000021	-0.000000	0.000000	0.000000	-0.496844	-0.000012
0	334	-0.000019	0.000000	0.000000	0.000000	-0.497332	-0.000011
0	335	-0.000016	-0.000000	0.000000	0.000000	-0.497779	-0.000010
0	336	-0.000015	-0.000000	0.000000	0.000000	-0.498186	-0.000009
0	337	-0.000015	-0.000000	0.000000	0.000000	-0.498551	-0.000008
0	338	-0.000014	-0.000000	0.000000	0.000000	-0.498875	-0.000007
0	339	-0.000011	0.000000	0.000000	0.000000	-0.499159	-0.000006
0	340	-0.000008	-0.000000	0.000000	0.000000	-0.499401	-0.000005
0	341	-0.000006	-0.000000	0.000000	0.000000	-0.499603	-0.000004
0	342	-0.000006	-0.000000	0.000000	0.000000	-0.499763	-0.000003
0	343	-0.000005	-0.000000	0.000000	0.000000	-0.499882	-0.000003
0	344	-0.000003	-0.000000	0.000000	0.000000	-0.499961	-0.000002
0	345	-0.000000	-0.000000	0.000000	0.000000	-0.499998	-0.000001
0	346	0.000002	-0.000000	0.000000	0.000000	-0.499994	0.000000
0	347	0.000002	-0.000000	0.000000	0.000000	-0.499950	0.000001
0	348	0.000003	-0.000000	0.000000	0.000000	-0.499864	0.000002
0	349	0.000005	-0.000000	0.000000	0.000000	-0.499736	0.000003
0	350	0.000008	-0.000000	0.000000	0.000000	-0.499568	0.000004
0	351	0.000010	-0.000000	0.000000	0.000000	-0.499359	0.000005
0	352	0.000011	-0.000000	0.000000	0.000000	-0.499110	0.000006
0	353	0.000011	-0.000000	0.000000	0.000000	-0.498819	0.000007
0	354	0.000012	-0.000000	0.000000	0.000000	-0.498486	0.000008
0	355	0.000015	-0.000000	0.000000	0.000000	-0.498113	0.000009
0	356	0.000018	-0.000000	0.000000	0.000000	-0.497700	0.000010
0	357	0.000019	-0.000000	0.000000	0.000000	-0.497245	0.000011
0	358	0.000020	-0.000000	0.000000	0.000000	-0.496750	0.000012
0	359	0.000020	-0.000000	0.000000	0.000000	-0.496213	0.000013
0	360	0.000023	-0.000000	0.000000	0.000000	-0.495636	0.000014
0	361	0.000026	-0.000000	0.000000	0.000000	-0.495018	0.000015
0	362	0.000028	-0.000000	0.000000	0.000000	-0.494360	0.000016
0	363	0.000028	-0.000000	0.000000	0.000000	-0.493661	0.000017
0	364	0.000028	-0.000000	0.000000	0.000000	-0.492921	0.000018
0	365	0.000030	-0.000000	0.000000	0.000000	-0.492141	0.000018
0	366	0.000034	-0.000000	0.000000	0.000000	-0.491321	0.000019
0	367	0.000036	-0.000000	0.000000	0.000000	-0.490460	0.000020
0	368	0.000036	-0.000000	0.000000	0.000000	-0.489559	0.000021
0	369	0.000037	-0.000000	0.000000	0.000000	-0.488618	0.000022
0	370	0.000038	-0.000000	0.000000	0.000000	-0.487636	0.000023
0	371	0.000041	-0.000000	0.000000	0.000000	-0.486615	0.000024
0	372	0.000044	-0.000000	0.000000	0.000000	-0.485554	0.000025
0	373	0.000045	-0.000000	0.000000	0.000000	-0.484453	0.000026
0	374	0.000045	-0.000000	0.000000	0.000000	-0.483311	0.000027
0	375	0.000046	-0.000000	0.000000	0.000000	-0.482131	0.000028
0	376	0.000048	-0.000000	0.000000	0.000000	-0.480910	0.000029
0	377	0.000051	-0.000000	0.000000	0.000000	-0.479650	0.000030
0	378	0.000053	-0.000000	0.000000	0.000000	-0.478351	0.000031
0	379	0.000053	-0.000000	0.000000	0.000000	-0.477013	0.000031
0	380	0.000054	-0.000000	0.000000	0.000000	-0.475635	0.000032
0	381	0.000056	-0.000000	0.000000	0.000000	-0.474218	0.000033
0	382	0.000059	-0.000000	0.000000	0.000000	-0.472763	0.000034
0	383	0.000061	-0.000000	0.000000	0.000000	-0.471268	0.000035
0	384	0.000061	-0.000000	0.000000	0.000000	-0.469735	0.000036
0	385	0.000061	-0.000000	0.000000	0.000000	-0.468163	0.000037
0	386	0.000063	-0.000000	0.000000	0.000000	-0.466553	0.000038
0	387	0.000066	-0.000000	0.000000	0.000000	-0.464905	0.000039
0	388	0.000068	-0.000000	0.000000	0.000000	-0.463218	0.000040
0	389	0.000069	-0.000000	0.000000	0.000000	-0.461494	0.000040
0	390	0.000069	-0.000000	0.000000	0.000000	-0.459731	0.000041
0	391	0.000070	-0.000000	0.000000	0.000000	-0.457930	0.000042
0	392	0.000073	-0.000000	0.000000	0.000000	-0.456092	0.000043
0	393	0.000076	-0.000000	0.000000	0.000000	-0.454217	0.000044
0	394	0.000077	-0.000000	0.000000	0.000000	-0.452304	0.000045
0	395	0.000077	-0.000000	0.000000	0.000000	-0.450355	0.000046
0	396	0.000078	-0.000000	0.000000	0.000000	-0.448368	0.000047
0	397	0.000080	-0.000000	0.000000	0.000000	-0.446344	0.000047
0	398	0.000083	-0.000000	0.000000	0.000000	-0.444283	0.000048
0	399	0.000084	-0.000000	0.000000	0.000000	-0.442187	0.000049
0	400	0.000084	-0.000000	0.000000	0.000000	-0.440054	0.000050
0	401	0.000085	-0.000000	0.000000	0.000000	-0.437884	0.000051
0	402	0.000087	-0.000000	0.000000	0.000000	-0.435679	0.000052
0	403	0.000090	-0.000000	0.000000	0.000000	-0.433438	0.000053
0	404	0.000092	-0.000000	0.000000	0.000000	-0.431162	0.000053
0	405	0.000092	-0.000000	0.000000	0.000000	-0.428850	0.000054
0	406	0.000092	-0.000000	0.000000	0.000000	-0.426503	0.000055
0	407	0.000093	-0.000000	0.000000	0.000000	-0.424120	0.000056
0	408	0.000096	-0.000000	0.000000	0.000000	-0.421703	0.000057
0	409	0.000098	-0.000000	0.000000	0.000000	-0.419252	0.000057
0	410	0.000099	-0.000000	0.000000	0.000000	-0.416766	0.000058
0	411	0.000099	-0.000000	0.000000	0.000000	-0.414245	0.000059
0	412	0.000100	-0.000000	0.000000	0.000000	-0.411691	0.000060
0	413	0.000102	-0.000000	0.000000	0.000000	-0.409102	0.000061
0	414	0.000105	-0.000000	0.000000	0.000000	-0.406481	0.000061
0	415	0.000106	-0.000000	0.000000	0.000000	-0.403826	0.000062
0	416	0.000106	-0.000000	0.000000	0.000000	-0.401138	0.000063
0	417	0.000106	-0.000000	0.000000	0.000000	-0.398416	0.000064
0	418	0.000108	-0.000000	0.000000	0.000000	-0.395662	0.000064
0	419	0.000111	-0.000000	0.000000	0.000000	-0.392876	0.000065
0	420	0.000113	-0.000000	0.000000	0.000000	-0.390057	0.000066
0	421	0.000113	-0.000000	0.000000	0.000000	-0.387207	0.000067
0	422	0.000113	-0.000000	0.000000	0.000000	-0.384324	0.000067
0	423	0.000114	-0.000000	0.000000	0.000000	-0.381410	0.000068
0	424	0.000117	-0.000000	0.000000	0.000000	-0.378464	0.000069
0	425	0.000119	-0.000000	0.000000	0.000000	-0.375488	0.000070
0	426	0.000119	-0.000000	0.000000	0.000000	-0.372481	0.000070
0	427	0.000119	-0.000000	0.000000	0.000000	-0.369443	0.000071
0	428	0.000120	-0.000000	0.000000	0.000000	-0.366374	0.000072
0	429	0.000123	-0.000000	0.000000	0.000000	-0.363276	0.000072
0	430	0.000125	-0.000000	0.000000	0.000000	-0.360148	0.000073
0	431	0.000126	-0.000000	0.000000	0.000000	-0.356990	0.000074
0	432	0.000125	-0.000000	0.000000	0.000000	-0.353803	0.000075
0	433	0.000126	-0.000000	0.000000	0.000000	-0.350587	0.000075
0	434	0.000128	-0.000000	0.000000	0.000000	-0.347342	0.000076
0	435	0.000130	-0.000000	0.000000	0.000000	-0.344068	0.000077
0	436	0.000132	-0.000000	0.000000	0.000000	-0.340767	0.000077
0	437	0.000131	-0.000000	0.000000	0.000000	-0.337437	0.000078
0	438	0.000131	-0.000000	0.000000	0.000000	-0.334080	0.000079
0	439	0.000133	-0.000000	0.000000	0.000000	-0.330695	0.000079
0	440	0.000136	-0.000000	0.000000	0.000000	-0.327283	0.000080
0	441	0.000137	-0.000000	0.000000	0.000000	-0.323844	0.000080
0	442	0.000137	-0.000000	0.000000	0.000000	-0.320379	0.000081
0	443	0.000137	-0.000000	0.000000	0.000000	-0.316887	0.000082
0	444	0.000138	-0.000000	0.000000	0.000000	-0.313369	0.000082
0	445	0.000140	-0.000000	0.000000	0.000000	-0.309825	0.000083
0	446	0.000142	-0.000000	0.000000	0.000000	-0.306257	0.000083
0	447	0.000143	-0.000000	0.000000	0.000000	-0.302663	0.000084
0	448	0.000142	-0.000000	0.000000	0.000000	-0.299044	0.000085
0	449	0.000143	-0.000000	0.000000	0.000000	-0.295400	0.000085
0	450	0.000145	-0.000000	0.000000	0.000000	-0.291732	0.000086
0	451	0.000147	-0.000000	0.000000	0.000000	-0.288040	0.000086
0	452	0.000148	-0.000000	0.000000	0.000000	-0.284325	0.000087
0	453	0.000147	-0.000000	0.000000	0.000000	-0.280587	0.000087
0	454	0.000147	-0.000000	0.000000	0.000000	-0.276825	0.000088
0	455	0.000149	-0.000000	0.000000	0.000000	-0.273040	0.000088
0	456	0.000151	-0.000000	0.000000	0.000000	-0.269233	0.000089
0	457	0.000152	-0.000000	0.000000	0.000000	-0.265404	0.000089
0	458	0.000152	-0.000000	0.000000	0.000000	-0.261553	0.000090
0	459	0.000152	-0.000000	0.000000	0.000000	-0.257681	0.000090
0	460	0.000153	-0.000000	0.000000	0.000000	-0.253787	0.000091
0	461	0.000155	-0.000000	0.000000	0.000000	-0.249873	0.000091
0	462	0.000157	-0.000000	0.000000	0.000000	-0.245938	0.000092
0	463	0.000157	-0.000000	0.000000	0.000000	-0.241983	0.000092
0	464	0.000156	-0.000000	0.000000	0.000000	-0.238008	0.000093
0	465	0.000157	-0.000000	0.000000	0.000000	-0.234014	0.000093
0	466	0.000159	-0.000000	0.000000	0.000000	-0.230000	0.000094
0	467	0.000160	-0.000000	0.000000	0.000000	-0.225967	0.000094
0	468	0.000161	-0.000000	0.000000	0.000000	-0.221916	0.000095
0	469	0.000160	-0.000000	0.000000	0.000000	-0.217847	0.000095
0	470	0.000160	-0.000000	0.000000	0.000000	-0.213760	0.000095
0	471	0.000162	-0.000000	0.000000	0.000000	-0.209655	0.000096
0	472	0.000164	-0.000000	0.000000	0.000000	-0.205533	0.000096
0	473	0.000165	-0.000000	0.000000	0.000000	-0.201394	0.000097
0	474	0.000164	-0.000000	0.000000	0.000000	-0.197239	0.000097
0	475	0.000163	-0.000000	0.000000	0.000000	-0.193067	0.000097
0	476	0.000165	-0.000000	0.000000	0.000000	-0.188879	0.000098
0	477	0.000167	-0.000000	0.000000	0.000000	-0.184676	0.000098
0	478	0.000168	-0.000000	0.000000	0.000000	-0.180458	0.000099
0	479	0.000167	-0.000000	0.000000	0.000000	-0.176225	0.000099
0	480	0.000167	-0.000000	0.000000	0.000000	-0.171978	0.000099
0	481	0.000167	-0.000000	0.000000	0.000000	-0.167716	0.000100
0	482	0.000169	-0.000000	0.000000	0.000000	-0.163440	0.000100
0	483	0.000171	-0.000000	0.000000	0.000000	-0.159152	0.000100
0	484	0.000170	-0.000000	0.000000	0.000000	-0.154850	0.000100
0	485	0.000169	-0.000000	0.000000	0.000000	-0.150536	0.000101
0	486	0.000169	-0.000000	0.000000	0.000000	-0.146208	0.000101
0	487	0.000171	-0.000000	0.000000	0.000000	-0.141869	0.000101
0	488	0.000173	-0.000000	0.000000	0.000000	-0.137519	0.000102
0	489	0.000173	-0.000000	0.000000	0.000000	-0.133157	0.000102
0	490	0.000172	-0.000000	0.000000	0.000000	-0.128784	0.000102
0	491	0.000172	-0.000000	0.000000	0.000000	-0.124401	0.000102
0	492	0.000173	-0.000000	0.000000	0.000000	-0.120007	0.000103
0	493	0.000175	-0.000000	0.000000	0.000000	-0.115603	0.000103
0	494	0.000175	-0.000000	0.000000	0.000000	-0.111191	0.000103
0	495	0.000174	-0.000000	0.000000	0.000000	-0.106769	0.000103
0	496	0.000174	-0.000000	0.000000	0.000000	-0.102338	0.000103
0	497	0.000174	-0.000000	0.000000	0.000000	-0.097898	0.000104
0	498	0.000176	-0.000000	0.000000	0.000000	-0.093451	0.000104
0	499	0.000177	-0.000000	0.000000	0.000000	-0.088996	0.000104
0	500	0.000176	-0.000000	0.000000	0.000000	-0.084534	0.000104
0	501	0.000175	-0.000000	0.000000	0.000000	-0.080065	0.000104
0	502	0.000175	-0.000000	0.000000	0.000000	-0.075588	0.000104
0	503	0.000177	-0.000000	0.000000	0.000000	-0.071106	0.000105
0	504	0.000178	-0.000000	0.000000	0.000000	-0.066619	0.000105
0	505	0.000178	-0.000000	0.000000	0.000000	-0.062125	0.000105
0	506	0.000177	-0.000000	0.000000	0.000000	-0.057627	0.000105
0	507	0.000176	-0.000000	0.000000	0.000000	-0.053124	0.000105
0	508	0.000177	-0.000000	0.000000	0.000000	-0.048616	0.000105
0	509	0.000179	-0.000000	0.000000	0.000000	-0.044104	0.000105
0	510	0.000179	-0.000000	0.000000	0.000000	-0.039590	0.000105
0	511	0.000178	-0.000000	0.000000	0.000000	-0.035071	0.000105
0	512	0.000177	-0.000000	0.000000	0.000000	-0.030550	0.000106
0	513	0.000178	-0.000000	0.000000	0.000000	-0.026026	0.000106
0	514	0.000179	-0.000000	0.000000	0.000000	-0.021500	0.000106
0	515	0.000180	-0.000000	0.000000	0.000000	-0.016972	0.000106
0	516	0.000179	-0.000000	0.000000	0.000000	-0.012443	0.000106
0	517	0.000177	-0.000000	0.000000	0.000000	-0.007913	0.000106
0	518	0.000178	-0.000000	0.000000	0.000000	-0.003382	0.000106
0	519	0.000179	-0.000000	0.000000	0.000000	0.001149	0.000106
0	520	0.000180	-0.000000	0.000000	0.000000	0.005680	0.000106
0	521	0.000179	-0.000000	0.000000	0.000000	0.010210	0.000106
0	522	0.000178	-0.000000	0.000000	0.000000	0.014740	0.000106
0	523	0.000177	-0.000000	0.000000	0.000000	0.019268	0.000106
0	524	0.000178	-0.000000	0.000000	0.000000	0.023795	0.000106
0	525	0.000180	-0.000000	0.000000	0.000000	0.028320	0.000106
0	526	0.000179	-0.000000	0.000000	0.000000	0.032843	0.000106
0	527	0.000178	-0.000000	0.000000	0.000000	0.037362	0.000105
0	528	0.000177	-0.000000	0.000000	0.000000	0.041879	0.000105
0	529	0.000177	-0.000000	0.000000	0.000000	0.046393	0.000105
0	530	0.000179	-0.000000	0.000000	0.000000	0.050903	0.000105
0	531	0.000179	-0.000000	0.000000	0.000000	0.055408	0.000105
0	532	0.000177	-0.000000	0.000000	0.000000	0.059908	0.000105
0	533	0.000176	-0.000000	0.000000	0.000000	0.064404	0.000105
0	534	0.000176	-0.000000	0.000000	0.000000	0.068895	0.000105
0	535	0.000177	-0.000000	0.000000	0.000000	0.073380	0.000105
0	536	0.000178	-0.000000	0.000000	0.000000	0.077859	0.000104
0	537	0.000177	-0.000000	0.000000	0.000000	0.082331	0.000104
0	538	0.000175	-0.000000	0.000000	0.000000	0.086797	0.000104
0	539	0.000174	-0.000000	0.000000	0.000000	0.091256	0.000104
0	540	0.000175	-0.000000	0.000000	0.000000	0.095707	0.000104
0	541	0.000176	-0.000000	0.000000	0.000000	0.100151	0.000104
0	542	0.000176	-0.000000	0.000000	0.000000	0.104585	0.000103
0	543	0.000174	-0.000000	0.000000	0.000000	0.109012	0.000103
0	544	0.000173	-0.000000	0.000000	0.000000	0.113430	0.000103
0	545	0.000173	-0.000000	0.000000	0.000000	0.117838	0.000103
0	546	0.000174	-0.000000	0.000000	0.000000	0.122236	0.000103
0	547	0.000174	-0.000000	0.000000	0.000000	0.126625	0.000102
0	548	0.000172	-0.000000	0.000000	0.000000	0.131003	0.000102
0	549	0.000171	-0.000000	0.000000	0.000000	0.135370	0.000102
0	550	0.000171	-0.000000	0.000000	0.000000	0.139727	0.000102
0	551	0.000172	-0.000000	0.000000	0.000000	0.144071	0.000101
0	552	0.000172	-0.000000	0.000000	0.000000	0.148404	0.000101
0	553	0.000170	-0.000000	0.000000	0.000000	0.152725	0.000101
0	554	0.000169	-0.000000	0.000000	0.000000	0.157033	0.000100
0	555	0.000168	-0.000000	0.000000	0.000000	0.161328	0.000100
0	556	0.000169	0.000000	0.000000	0.000000	0.165611	0.000100
0	557	0.000169	-0.000000	0.000000	0.000000	0.169879	0.000100
0	558	0.000168	-0.000000	0.000000	0.000000	0.174133	0.000099
0	559	0.000166	-0.000000	0.000000	0.000000	0.178373	0.000099
0	560	0.000165	-0.000000	0.000000	0.000000	0.182599	0.000099
0	561	0.000166	0.000000	0.000000	0.000000	0.186810	0.000098
0	562	0.000166	-0.000000	0.000000	0.000000	0.191005	0.000098
0	563	0.000166	-0.000000	0.000000	0.000000	0.195184	0.000097
0	564	0.000163	-0.000000	0.000000	0.000000	0.199348	0.000097
0	565	0.000162	-0.000000	0.000000	0.000000	0.203495	0.000097
0	566	0.000162	0.000000	0.000000	0.000000	0.207625	0.000096
0	567	0.000163	0.000000	0.000000	0.000000	0.211739	0.000096
0	568	0.000162	-0.000000	0.000000	0.000000	0.215834	0.000095
0	569	0.000161	-0.000000	0.000000	0.000000	0.219913	0.000095
0	570	0.000159	-0.000000	0.000000	0.000000	0.223973	0.000095
0	571	0.000158	0.000000	0.000000	0.000000	0.228015	0.000094
0	572	0.000159	0.000000	0.000000	0.000000	0.232038	0.000094
0	573	0.000159	-0.000000	0.000000	0.000000	0.236042	0.000093
0	574	0.000157	-0.000000	0.000000	0.000000	0.240026	0.000093
0	575	0.000155	-0.000000	0.000000	0.000000	0.243991	0.000092
0	576	0.000154	-0.000000	0.000000	0.000000	0.247936	0.000092
0	577	0.000154	0.000000	0.000000	0.000000	0.251861	0.000091
0	578	0.000155	-0.000000	0.000000	0.000000	0.255764	0.000091
0	579	0.000154	-0.000000	0.000000	0.000000	0.259647	0.000090
0	580	0.000151	-0.000000	0.000000	0.000000	0.263508	0.000090
0	581	0.000150	-0.000000	0.000000	0.000000	0.267349	0.000089
0	582	0.000150	0.000000	0.000000	0.000000	0.271167	0.000089
0	583	0.000150	0.000000	0.000000	0.000000	0.274962	0.000088
0	584	0.000150	-0.000000	0.000000	0.000000	0.278735	0.000088
0	585	0.000147	-0.000000	0.000000	0.000000	0.282485	0.000087
0	586	0.000145	-0.000000	0.000000	0.000000	0.286212	0.000087
0	587	0.000145	0.000000	0.000000	0.000000	0.289916	0.000086
0	588	0.000145	0.000000	0.000000	0.000000	0.293595	0.000086
0	589	0.000145	-0.000000	0.000000	0.000000	0.297251	0.000085
0	590	0.000143	-0.000000	0.000000	0.000000	0.300882	0.000085
0	591	0.000141	-0.000000	0.000000	0.000000	0.304488	0.000084
0	592	0.000140	0.000000	0.000000	0.000000	0.308070	0.000083
0	593	0.000140	0.000000	0.000000	0.000000	0.311626	0.000083
0	594	0.000140	-0.000000	0.000000	0.000000	0.315156	0.000082
0	595	0.000138	-0.000000	0.000000	0.000000	0.318661	0.000082
0	596	0.000136	-0.000000	0.000000	0.000000	0.322139	0.000081
0	597	0.000134	-0.000000	0.000000	0.000000	0.325591	0.000080
0	598	0.000135	0.000000	0.000000	0.000000	0.329017	0.000080
0	599	0.000135	0.000000	0.000000	0.000000	0.332415	0.000079
0	600	0.000133	-0.000000	0.000000	0.000000	0.335786	0.000078
0	601	0.000131	-0.000000	0.000000	0.000000	0.339129	0.000078
0	602	0.000129	-0.000000	0.000000	0.000000	0.342445	0.000077
0	603	0.000129	0.000000	0.000000	0.000000	0.345732	0.000077
0	604	0.000129	0.000000	0.000000	0.000000	0.348991	0.000076
0	605	0.000128	-0.000000	0.000000	0.000000	0.352221	0.000075
0	606	0.000126	-0.000000	0.000000	0.000000	0.355423	0.000075
0	607	0.000123	-0.000000	0.000000	0.000000	0.358595	0.000074
0	608	0.000123	0.000000	0.000000	0.000000	0.361738	0.000073
0	609	0.000123	0.000000	0.000000	0.000000	0.364851	0.000072
0	610	0.000122	-0.000000	0.000000	0.000000	0.367934	0.000072
0	611	0.000120	-0.000000	0.000000	0.000000	0.370987	0.000071
0	612	0.000118	-0.000000	0.000000	0.000000	0.374009	0.000070
0	613	0.000116	0.000000	0.000000	0.000000	0.377001	0.000070
0	614	0.000116	0.000000	0.000000	0.000000	0.379962	0.000069
0	615	0.000116	0.000000	0.000000	0.000000	0.382891	0.000068
0	616	0.000115	-0.000000	0.000000	0.000000	0.385789	0.000067
0	617	0.000112	-0.000000	0.000000	0.000000	0.388656	0.000067
0	618	0.000110	0.000000	0.000000	0.000000	0.391490	0.000066
0	619	0.000110	0.000000	0.000000	0.000000	0.394293	0.000065
0	620	0.000110	0.000000	0.000000	0.000000	0.397063	0.000064
0	621	0.000109	-0.000000	0.000000	0.000000	0.399800	0.000064
0	622	0.000106	-0.000000	0.000000	0.000000	0.402505	0.000063
0	623	0.000104	-0.000000	0.000000	0.000000	0.405176	0.000062
0	624	0.000103	0.000000	0.000000	0.000000	0.407815	0.000061
0	625	0.000103	0.000000	0.000000	0.000000	0.410419	0.000061
0	626	0.000102	-0.000000	0.000000	0.000000	0.412990	0.000060
0	627	0.000100	-0.000000	0.000000	0.000000	0.415527	0.000059
0	628	0.000097	-0.000000	0.000000	0.000000	0.418030	0.000058
0	629	0.000096	0.000000	0.000000	0.000000	0.420499	0.000057
0	630	0.000096	0.000000	0.000000	0.000000	0.422933	0.000057
0	631	0.000095	0.000000	0.000000	0.000000	0.425333	0.000056
0	632	0.000093	-0.000000	0.000000	0.000000	0.427697	0.000055
0	633	0.000090	-0.000000	0.000000	0.000000	0.430026	0.000054
0	634	0.000089	0.000000	0.000000	0.000000	0.432321	0.000053
0	635	0.000088	0.000000	0.000000	0.000000	0.434579	0.000052
0	636	0.000088	0.000000	0.000000	0.000000	0.436802	0.000052
0	637	0.000087	-0.000000	0.000000	0.000000	0.438989	0.000051
0	638	0.000084	-0.000000	0.000000	0.000000	0.441140	0.000050
0	639	0.000082	0.000000	0.000000	0.000000	0.443255	0.000049
0	640	0.000081	0.000000	0.000000	0.000000	0.445333	0.000048
0	641	0.000081	0.000000	0.000000	0.000000	0.447375	0.000047
0	642	0.000080	-0.000000	0.000000	0.000000	0.449380	0.000047
0	643	0.000077	-0.000000	0.000000	0.000000	0.451348	0.000046
0	644	0.000074	0.000000	0.000000	0.000000	0.453279	0.000045
0	645	0.000073	0.000000	0.000000	0.000000	0.455173	0.000044
0	646	0.000073	0.000000	0.000000	0.000000	0.457029	0.000043
0	647	0.000072	0.000000	0.000000	0.000000	0.458848	0.000042
0	648	0.000070	-0.000000	0.000000	0.000000	0.460629	0.000041
0	649	0.000067	-0.000000	0.000000	0.000000	0.462372	0.000040
0	650	0.000066	0.000000	0.000000	0.000000	0.464078	0.000040
0	651	0.000065	0.000000	0.000000	0.000000	0.465746	0.000039
0	652	0.000065	0.000000	0.000000	0.000000	0.467375	0.000038
0	653	0.000063	-0.000000	0.000000	0.000000	0.468965	0.000037
0	654	0.000060	-0.000000	0.000000	0.000000	0.470517	0.000036
0	655	0.000058	0.000000	0.000000	0.000000	0.472031	0.000035
0	656	0.000057	0.000000	0.000000	0.000000	0.473506	0.000034
0	657	0.000057	0.000000	0.000000	0.000000	0.474942	0.000033
0	658	0.000056	-0.000000	0.000000	0.000000	0.476338	0.000032
0	659	0.000053	-0.000000	0.000000	0.000000	0.477696	0.000031
0	660	0.000050	0.000000	0.000000	0.000000	0.479015	0.000031
0	661	0.000049	0.000000	0.000000	0.000000	0.480294	0.000030
0	662	0.000049	0.000000	0.000000	0.000000	0.481534	0.000029
0	663	0.000048	0.000000	0.000000	0.000000	0.482734	0.000028
0	664	0.000045	-0.000000	0.000000	0.000000	0.483895	0.000027
0	665	0.000042	0.000000	0.000000	0.000000	0.485016	0.000026
0	666	0.000041	0.000000	0.000000	0.000000	0.486097	0.000025
0	667	0.000041	0.000000	0.000000	0.000000	0.487138	0.000024
0	668	0.000040	0.000000	0.000000	0.000000	0.488139	0.000023
0	669	0.000038	-0.000000	0.000000	0.000000	0.489100	0.000022
0	670	0.000035	-0.000000	0.000000	0.000000	0.490021	0.000021
0	671	0.000033	0.000000	0.000000	0.000000	0.490902	0.000020
0	672	0.000033	0.000000	0.000000	0.000000	0.491742	0.000019
0	673	0.000032	0.000000	0.000000	0.000000	0.492542	0.000018
0	674	0.000030	0.000000	0.000000	0.000000	0.493301	0.000017
0	675	0.000027	-0.000000	0.000000	0.000000	0.494020	0.000017
0	676	0.000025	0.000000	0.000000	0.000000	0.494699	0.000016
0	677	0.000024	0.000000	0.000000	0.000000	0.495337	0.000015
0	678	0.000024	0.000000	0.000000	0.000000	0.495934	0.000014
0	679	0.000023	0.000000	0.000000	0.000000	0.496490	0.000013
0	680	0.000020	-0.000000	0.000000	0.000000	0.497006	0.000012
0	681	0.000017	0.000000	0.000000	0.000000	0.497481	0.000011
0	682	0.000016	0.000000	0.000000	0.000000	0.497915	0.000010
0	683	0.000016	0.000000	0.000000	0.000000	0.498308	0.000009
0	684	0.000015	0.000000	0.000000	0.000000	0.498660	0.000008
0	685	0.000012	-0.000000	0.000000	0.000000	0.498971	0.000007
0	686	0.000009	0.000000	0.000000	0.000000	0.499241	0.000006
0	687	0.000007	0.000000	0.000000	0.000000	0.499471	0.000005
0	688	0.000007	0.000000	0.000000	0.000000	0.499659	0.000004
0	689	0.000007	0.000000	0.000000	0.000000	0.499806	0.000003
0	690	0.000004	0.000000	0.000000	0.000000	0.499912	0.000002
0	691	0.000001	0.000000	0.000000	0.000000	0.499977	0.000001
0	692	-0.000001	0.000000	0.000000	0.000000	0.500001	0.000000
0	693	-0.000001	0.000000	0.000000	0.000000	0.499984	-0.000001
0	694	-0.000002	0.000000	0.000000	0.000000	0.499926	-0.000002
0	695	-0.000003	0.000000	0.000000	0.000000	0.499827	-0.000003
0	696	-0.000006	0.000000	0.000000	0.000000	0.499687	-0.000004
0	697	-0.000009	0.000000	0.000000	0.000000	0.499506	-0.000004
0	698	-0.000010	0.000000	0.000000	0.000000	0.499284	-0.000005
0	699	-0.000010	0.000000	0.000000	0.000000	0.499020	-0.000006
0	700	-0.000011	0.000000	0.000000	0.000000	0.498716	-0.000007
0	701	-0.000014	0.000000	0.000000	0.000000	0.498371	-0.000008
0	702	-0.000017	0.000000	0.000000	0.000000	0.497985	-0.000009
0	703	-0.000018	0.000000	0.000000	0.000000	0.497558	-0.000010
0	704	-0.000019	0.000000	0.000000	0.000000	0.497090	-0.000011
0	705	-0.000019	0.000000	0.000000	0.000000	0.496581	-0.000012
0	706	-0.000022	0.000000	0.000000	0.000000	0.496031	-0.000013
0	707	-0.000025	0.000000	0.000000	0.000000	0.495441	-0.000014
0	708	-0.000027	0.000000	0.000000	0.000000	0.494811	-0.000015
0	709	-0.000027	0.000000	0.000000	0.000000	0.494139	-0.000016
0	710	-0.000027	0.000000	0.000000	0.000000	0.493427	-0.000017
0	711	-0.000029	0.000000	0.000000	0.000000	0.492674	-0.000018
0	712	-0.000032	0.000000	0.000000	0.000000	0.491881	-0.000019
0	713	-0.000035	0.000000	0.000000	0.000000	0.491048	-0.000020
0	714	-0.000035	0.000000	0.000000	0.000000	0.490174	-0.000021
0	715	-0.000036	0.000000	0.000000	0.000000	0.489260	-0.000022
0	716	-0.000037	0.000000	0.000000	0.000000	0.488306	-0.000023
0	717	-0.000040	0.000000	0.000000	0.000000	0.487311	-0.000023
0	718	-0.000043	0.000000	0.000000	0.000000	0.486277	-0.000024
0	719	-0.000044	0.000000	0.000000	0.000000	0.485203	-0.000025
0	720	-0.000044	0.000000	0.000000	0.000000	0.484089	-0.000026
0	721	-0.000045	0.000000	0.000000	0.000000	0.482935	-0.000027
0	722	-0.000047	0.000000	0.000000	0.000000	0.481741	-0.000028
0	723	-0.000050	0.000000	0.000000	0.000000	0.480508	-0.000029
0	724	-0.000052	0.000000	0.000000	0.000000	0.479236	-0.000030
0	725	-0.000052	0.000000	0.000000	0.000000	0.477924	-0.000031
0	726	-0.000052	0.000000	0.000000	0.000000	0.476572	-0.000032
0	727	-0.000055	0.000000	0.000000	0.000000	0.475182	-0.000033
0	728	-0.000058	0.000000	0.000000	0.000000	0.473752	-0.000034
0	729	-0.000060	0.000000	0.000000	0.000000	0.472284	-0.000034
0	730	-0.000060	0.000000	0.000000	0.000000	0.470777	-0.000035
0	731	-0.000060	0.000000	0.000000	0.000000	0.469232	-0.000036
0	732	-0.000062	0.000000	0.000000	0.000000	0.467647	-0.000037
0	733	-0.000065	0.000000	0.000000	0.000000	0.466024	-0.000038
0	734	-0.000067	0.000000	0.000000	0.000000	0.464364	-0.000039
0	735	-0.000068	0.000000	0.000000	0.000000	0.462665	-0.000040
0	736	-0.000068	0.000000	0.000000	0.000000	0.460928	-0.000041
0	737	-0.000069	0.000000	0.000000	0.000000	0.459152	-0.000042
0	738	-0.000072	0.000000	0.000000	0.000000	0.457340	-0.000043
0	739	-0.000075	0.000000	0.000000	0.000000	0.455490	-0.000043
0	740	-0.000076	0.000000	0.000000	0.000000	0.453602	-0.000044
0	741	-0.000076	0.000000	0.000000	0.000000	0.451677	-0.000045
0	742	-0.000077	0.000000	0.000000	0.000000	0.449715	-0.000046
0	743	-0.000079	0.000000	0.000000	0.000000	0.447716	-0.000047
0	744	-0.000082	0.000000	0.000000	0.000000	0.445681	-0.000048
0	745	-0.000083	0.000000	0.000000	0.000000	0.443608	-0.000049
0	746	-0.000083	0.000000	0.000000	0.000000	0.441500	-0.000049
0	747	-0.000084	0.000000	0.000000	0.000000	0.439355	-0.000050
0	748	-0.000086	0.000000	0.000000	0.000000	0.437173	-0.000051
0	749	-0.000089	0.000000	0.000000	0.000000	0.434956	-0.000052
0	750	-0.000091	0.000000	0.000000	0.000000	0.432704	-0.000053
0	751	-0.000091	0.000000	0.000000	0.000000	0.430416	-0.000054
0	752	-0.000091	0.000000	0.000000	0.000000	0.428092	-0.000054
0	753	-0.000092	0.000000	0.000000	0.000000	0.425733	-0.000055
0	754	-0.000095	0.000000	0.000000	0.000000	0.423339	-0.000056
0	755	-0.000097	0.000000	0.000000	0.000000	0.420911	-0.000057
0	756	-0.000098	0.000000	0.000000	0.000000	0.418448	-0.000058
0	757	-0.000098	0.000000	0.000000	0.000000	0.415951	-0.000058
0	758	-0.000099	0.000000	0.000000	0.000000	0.413419	-0.000059
0	759	-0.000101	0.000000	0.000000	0.000000	0.410853	-0.000060
0	760	-0.000104	0.000000	0.000000	0.000000	0.408254	-0.000061
0	761	-0.000105	0.000000	0.000000	0.000000	0.405621	-0.000062
0	762	-0.000105	0.000000	0.000000	0.000000	0.402955	-0.000062
0	763	-0.000106	0.000000	0.000000	0.000000	0.400256	-0.000063
0	764	-0.000108	0.000000	0.000000	0.000000	0.397524	-0.000064
0	765	-0.000110	0.000000	0.000000	0.000000	0.394759	-0.000065
0	766	-0.000112	0.000000	0.000000	0.000000	0.391962	-0.000065
0	767	-0.000112	0.000000	0.000000	0.000000	0.389132	-0.000066
0	768	-0.000112	0.000000	0.000000	0.000000	0.386271	-0.000067
0	769	-0.000114	0.000000	0.000000	0.000000	0.383378	-0.000068
0	770	-0.000116	0.000000	0.000000	0.000000	0.380453	-0.000068
0	771	-0.000118	0.000000	0.000000	0.000000	0.377497	-0.000069
0	772	-0.000119	0.000000	0.000000	0.000000	0.374511	-0.000070
0	773	-0.000118	0.000000	0.000000	0.000000	0.371493	-0.000071
0	774	-0.000119	0.000000	0.000000	0.000000	0.368445	-0.000071
0	775	-0.000122	0.000000	0.000000	0.000000	0.365366	-0.000072
0	776	-0.000124	0.000000	0.000000	0.000000	0.362258	-0.000073
0	777	-0.000125	0.000000	0.000000	0.000000	0.359120	-0.000073
0	778	-0.000125	0.000000	0.000000	0.000000	0.355952	-0.000074
0	779	-0.000125	0.000000	0.000000	0.000000	0.352755	-0.000075
0	780	-0.000127	0.000000	0.000000	0.000000	0.349529	-0.000075
0	781	-0.000130	0.000000	0.000000	0.000000	0.346275	-0.000076
0	782	-0.000131	0.000000	0.000000	0.000000	0.342992	-0.000077
0	783	-0.000131	0.000000	0.000000	0.000000	0.339681	-0.000077
0	784	-0.000131	0.000000	0.000000	0.000000	0.336341	-0.000078
0	785	-0.000132	0.000000	0.000000	0.000000	0.332974	-0.000079
0	786	-0.000135	0.000000	0.000000	0.000000	0.329580	-0.000079
0	787	-0.000136	0.000000	0.000000	0.000000	0.326159	-0.000080
0	788	-0.000136	0.000000	0.000000	0.000000	0.322711	-0.000081
0	789	-0.000136	0.000000	0.000000	0.000000	0.319237	-0.000081
0	790	-0.000137	0.000000	0.000000	0.000000	0.315736	-0.000082
0	791	-0.000140	0.000000	0.000000	0.000000	0.312209	-0.000082
0	792	-0.000142	0.000000	0.000000	0.000000	0.308657	-0.000083
0	793	-0.000142	0.000000	0.000000	0.000000	0.305080	-0.000084
0	794	-0.000141	0.000000	0.000000	0.000000	0.301477	-0.000084
0	795	-0.000142	0.000000	0.000000	0.000000	0.297849	-0.000085
0	796	-0.000144	0.000000	0.000000	0.000000	0.294197	-0.000085
0	797	-0.000146	0.000000	0.000000	0.000000	0.290521	-0.000086
0	798	-0.000147	0.000000	0.000000	0.000000	0.286821	-0.000086
0	799	-0.000146	0.000000	0.000000	0.000000	0.283098	-0.000087
0	800	-0.000147	0.000000	0.000000	0.000000	0.279351	-0.000088
0	801	-0.000148	0.000000	0.000000	0.000000	0.275581	-0.000088
0	802	-0.000151	0.000000	0.000000	0.000000	0.271788	-0.000089
0	803	-0.000152	0.000000	0.000000	0.000000	0.267974	-0.000089
0	804	-0.000151	0.000000	0.000000	0.000000	0.264137	-0.000090
0	805	-0.000151	0.000000	0.000000	0.000000	0.260279	-0.000090
0	806	-0.000152	0.000000	0.000000	0.000000	0.256399	-0.000091
0	807	-0.000155	0.000000	0.000000	0.000000	0.252498	-0.000091
0	808	-0.000156	0.000000	0.000000	0.000000	0.248576	-0.000092
0	809	-0.000156	0.000000	0.000000	0.000000	0.244634	-0.000092
0	810	-0.000155	0.000000	0.000000	0.000000	0.240672	-0.000093
0	811	-0.000156	0.000000	0.000000	0.000000	0.236690	-0.000093
0	812	-0.000158	0.000000	0.000000	0.000000	0.232688	-0.000093
0	813	-0.000160	0.000000	0.000000	0.000000	0.228668	-0.000094
0	814	-0.000160	0.000000	0.000000	0.000000	0.224629	-0.000094
0	815	-0.000159	0.000000	0.000000	0.000000	0.220571	-0.000095
0	816	-0.000160	0.000000	0.000000	0.000000	0.216495	-0.000095
0	817	-0.000161	0.000000	0.000000	0.000000	0.212401	-0.000096
0	818	-0.000163	0.000000	0.000000	0.000000	0.208290	-0.000096
0	819	-0.000164	0.000000	0.000000	0.000000	0.204162	-0.000096
0	820	-0.000163	0.000000	0.000000	0.000000	0.200017	-0.000097
0	821	-0.000163	0.000000	0.000000	0.000000	0.195856	-0.000097
0	822	-0.000164	0.000000	0.000000	0.000000	0.191678	-0.000098
0	823	-0.000166	0.000000	0.000000	0.000000	0.187485	-0.000098
0	824	-0.000167	0.000000	0.000000	0.000000	0.183276	-0.000098
0	825	-0.000167	0.000000	0.000000	0.000000	0.179053	-0.000099
0	826	-0.000166	0.000000	0.000000	0.000000	0.174814	-0.000099
0	827	-0.000167	0.000000	0.000000	0.000000	0.170561	-0.000099
0	828	-0.000169	0.000000	0.000000	0.000000	0.166294	-0.000100
0	829	-0.000170	0.000000	0.000000	0.000000	0.162014	-0.000100
0	830	-0.000170	0.000000	0.000000	0.000000	0.157721	-0.000100
0	831	-0.000169	0.000000	0.000000	0.000000	0.153414	-0.000101
0	832	-0.000169	0.000000	0.000000	0.000000	0.149094	-0.000101
0	833	-0.000171	0.000000	0.000000	0.000000	0.144762	-0.000101
0	834	-0.000173	0.000000	0.000000	0.000000	0.140419	-0.000101
0	835	-0.000173	0.000000	0.000000	0.000000	0.136064	-0.000102
0	836	-0.000171	0.000000	0.000000	0.000000	0.131698	-0.000102
0	837	-0.000171	0.000000	0.000000	0.000000	0.127321	-0.000102
0	838	-0.000173	0.000000	0.000000	0.000000	0.122933	-0.000102
0	839	-0.000175	0.000000	0.000000	0.000000	0.118536	-0.000103
0	840	-0.000175	0.000000	0.000000	0.000000	0.114129	-0.000103
0	841	-0.000174	0.000000	0.000000	0.000000	0.109712	-0.000103
0	842	-0.000173	0.000000	0.000000	0.000000	0.105286	-0.000103
0	843	-0.000174	0.000000	0.000000	0.000000	0.100852	-0.000103
0	844	-0.000176	0.000000	0.000000	0.000000	0.096409	-0.000104
0	845	-0.000177	0.000000	0.000000	0.000000	0.091959	-0.000104
0	846	-0.000176	0.000000	0.000000	0.000000	0.087501	-0.000104
0	847	-0.000175	0.000000	0.000000	0.000000	0.083035	-0.000104
0	848	-0.000175	0.000000	0.000000	0.000000	0.078563	-0.000104
0	849	-0.000177	0.000000	0.000000	0.000000	0.074084	-0.000105
0	850	-0.000178	0.000000	0.000000	0.000000	0.069600	-0.000105
0	851	-0.000178	0.000000	0.000000	0.000000	0.065109	-0.000105
0	852	-0.000176	0.000000	0.000000	0.000000	0.060614	-0.000105
0	853	-0.000176	0.000000	0.000000	0.000000	0.056113	-0.000105
0	854	-0.000178	0.000000	0.000000	0.000000	0.051607	-0.000105
0	855	-0.000179	0.000000	0.000000	0.000000	0.047098	-0.000105
0	856	-0.000179	0.000000	0.000000	0.000000	0.042584	-0.000105
0	857	-0.000177	0.000000	0.000000	0.000000	0.038068	-0.000105
0	858	-0.000177	0.000000	0.000000	0.000000	0.033547	-0.000105
0	859	-0.000178	0.000000	0.000000	0.000000	0.029024	-0.000106
0	860	-0.000179	0.000000	0.000000	0.000000	0.024499	-0.000106
0	861	-0.000180	0.000000	0.000000	0.000000	0.019972	-0.000106
0	862	-0.000178	0.000000	0.000000	0.000000	0.015443	-0.000106
0	863	-0.000177	0.000000	0.000000	0.000000	0.010913	-0.000106
0	864	-0.000178	0.000000	0.000000	0.000000	0.006382	-0.000106
0	865	-0.000179	0.000000	0.000000	0.000000	0.001850	-0.000106
0	866	-0.000180	0.000000	0.000000	0.000000	-0.002681	-0.000106
0	867	-0.000179	0.000000	0.000000	0.000000	-0.007213	-0.000106
0	868	-0.000177	0.000000	0.000000	0.000000	-0.011744	-0.000106
0	869	-0.000177	0.000000	0.000000	0.000000	-0.016274	-0.000106
0	870	-0.000179	0.000000	0.000000	0.000000	-0.020803	-0.000106
0	871	-0.000180	0.000000	0.000000	0.000000	-0.025329	-0.000106
0	872	-0.000179	0.000000	0.000000	0.000000	-0.029854	-0.000106
0	873	-0.000177	0.000000	0.000000	0.000000	-0.034376	-0.000105
0	874	-0.000177	0.000000	0.000000	0.000000	-0.038896	-0.000105
0	875	-0.000178	0.000000	0.000000	0.000000	-0.043413	-0.000105
0	876	-0.000179	0.000000	0.000000	0.000000	-0.047925	-0.000105
0	877	-0.000179	0.000000	0.000000	0.000000	-0.052434	-0.000105
0	878	-0.000177	0.000000	0.000000	0.000000	-0.056938	-0.000105
0	879	-0.000176	0.000000	0.000000	0.000000	-0.061438	-0.000105
0	880	-0.000177	0.000000	0.000000	0.000000	-0.065933	-0.000105
0	881	-0.000178	0.000000	0.000000	0.000000	-0.070423	-0.000105
0	882	-0.000178	0.000000	0.000000	0.000000	-0.074906	-0.000105
0	883	-0.000176	0.000000	0.000000	0.000000	-0.079383	-0.000104
0	884	-0.000175	0.000000	0.000000	0.000000	-0.083854	-0.000104
0	885	-0.000175	0.000000	0.000000	0.000000	-0.088319	-0.000104
0	886	-0.000176	0.000000	0.000000	0.000000	-0.092776	-0.000104
0	887	-0.000177	0.000000	0.000000	0.000000	-0.097224	-0.000104
0	888	-0.000175	0.000000	0.000000	0.000000	-0.101665	-0.000104
0	889	-0.000173	0.000000	0.000000	0.000000	-0.106098	-0.000103
0	890	-0.000173	0.000000	0.000000	0.000000	-0.110523	-0.000103
0	891	-0.000174	0.000000	0.000000	0.000000	-0.114938	-0.000103
0	892	-0.000175	0.000000	0.000000	0.000000	-0.119343	-0.000103
0	893	-0.000174	0.000000	0.000000	0.000000	-0.123739	-0.000102
0	894	-0.000172	0.000000	0.000000	0.000000	-0.128124	-0.000102
0	895	-0.000171	0.000000	0.000000	0.000000	-0.132500	-0.000102
0	896	-0.000172	-0.000000	0.000000	0.000000	-0.136864	-0.000102
0	897	-0.000172	0.000000	0.000000	0.000000	-0.141217	-0.000101
0	898	-0.000172	0.000000	0.000000	0.000000	-0.145558	-0.000101
0	899	-0.000170	0.000000	0.000000	0.000000	-0.149887	-0.000101
0	900	-0.000169	0.000000	0.000000	0.000000	-0.154204	-0.000101
0	901	-0.000169	-0.000000	0.000000	0.000000	-0.158509	-0.000100
0	902	-0.000170	0.000000	0.000000	0.000000	-0.162800	-0.000100
0	903	-0.000170	0.000000	0.000000	0.000000	-0.167078	-0.000100
0	904	-0.000168	0.000000	0.000000	0.000000	-0.171342	-0.000099
0	905	-0.000166	0.000000	0.000000	0.000000	-0.175593	-0.000099
0	906	-0.000166	0.000000	0.000000	0.000000	-0.179829	-0.000099
0	907	-0.000167	-0.000000	0.000000	0.000000	-0.184050	-0.000098
0	908	-0.000167	0.000000	0.000000	0.000000	-0.188255	-0.000098
0	909	-0.000165	0.000000	0.000000	0.000000	-0.192446	-0.000098
0	910	-0.000163	0.000000	0.000000	0.000000	-0.196620	-0.000097
0	911	-0.000162	0.000000	0.000000	0.000000	-0.200779	-0.000097
0	912	-0.000163	-0.000000	0.000000	0.000000	-0.204921	-0.000097
0	913	-0.000164	0.000000	0.000000	0.000000	-0.209046	-0.000096
0	914	-0.000162	0.000000	0.000000	0.000000	-0.213154	-0.000096
0	915	-0.000160	0.000000	0.000000	0.000000	-0.217244	-0.000095
0	916	-0.000159	0.000000	0.000000	0.000000	-0.221317	-0.000095
0	917	-0.000159	-0.000000	0.000000	0.000000	-0.225371	-0.000094
0	918	-0.000160	0.000000	0.000000	0.000000	-0.229407	-0.000094
0	919	-0.000159	0.000000	0.000000	0.000000	-0.233424	-0.000094
0	920	-0.000157	0.000000	0.000000	0.000000	-0.237422	-0.000093
0	921	-0.000155	0.000000	0.000000	0.000000	-0.241400	-0.000093
0	922	-0.000155	-0.000000	0.000000	0.000000	-0.245359	-0.000092
0	923	-0.000156	-0.000000	0.000000	0.000000	-0.249297	-0.000092
0	924	-0.000155	0.000000	0.000000	0.000000	-0.253215	-0.000091
0	925	-0.000153	0.000000	0.000000	0.000000	-0.257112	-0.000091
0	926	-0.000151	0.000000	0.000000	0.000000	-0.260988	-0.000090
0	927	-0.000151	-0.000000	0.000000	0.000000	-0.264842	-0.000090
0	928	-0.000151	-0.000000	0.000000	0.000000	-0.268675	-0.000089
0	929	-0.000151	0.000000	0.000000	0.000000	-0.272486	-0.000089
0	930	-0.000150	0.000000	0.000000	0.000000	-0.276274	-0.000088
0	931	-0.000147	0.000000	0.000000	0.000000	-0.280039	-0.000088
0	932	-0.000146	0.000000	0.000000	0.000000	-0.283782	-0.000087
0	933	-0.000146	-0.000000	0.000000	0.000000	-0.287502	-0.000087
0	934	-0.000147	0.000000	0.000000	0.000000	-0.291197	-0.000086
0	935	-0.000145	0.000000	0.000000	0.000000	-0.294869	-0.000086
0	936	-0.000143	0.000000	0.000000	0.000000	-0.298516	-0.000085
0	937	-0.000141	0.000000	0.000000	0.000000	-0.302139	-0.000084
0	938	-0.000141	-0.000000	0.000000	0.000000	-0.305738	-0.000084
0	939	-0.000141	-0.000000	0.000000	0.000000	-0.309311	-0.000083
0	940	-0.000141	0.000000	0.000000	0.000000	-0.312858	-0.000083
0	941	-0.000138	0.000000	0.000000	0.000000	-0.316380	-0.000082
0	942	-0.000136	0.000000	0.000000	0.000000	-0.319876	-0.000081
0	943	-0.000136	-0.000000	0.000000	0.000000	-0.323346	-0.000081
0	944	-0.000136	-0.000000	0.000000	0.000000	-0.326789	-0.000080
0	945	-0.000136	0.000000	0.000000	0.000000	-0.330205	-0.000080
0	946	-0.000133	0.000000	0.000000	0.000000	-0.333594	-0.000079
0	947	-0.000131	0.000000	0.000000	0.000000	-0.336956	-0.000078
0	948	-0.000130	-0.000000	0.000000	0.000000	-0.340290	-0.000078
0	949	-0.000130	-0.000000	0.000000	0.000000	-0.343596	-0.000077
0	950	-0.000130	0.000000	0.000000	0.000000	-0.346874	-0.000076
0	951	-0.000128	0.000000	0.000000	0.000000	-0.350123	-0.000076
0	952	-0.000126	0.000000	0.000000	0.000000	-0.353344	-0.000075
0	953	-0.000124	-0.000000	0.000000	0.000000	-0.356535	-0.000074
0	954	-0.000124	-0.000000	0.000000	0.000000	-0.359698	-0.000074
0	955	-0.000124	-0.000000	0.000000	0.000000	-0.362830	-0.000073
0	956	-0.000123	0.000000	0.000000	0.000000	-0.365933	-0.000072
0	957	-0.000120	0.000000	0.000000	0.000000	-0.369006	-0.000071
0	958	-0.000118	0.000000	0.000000	0.000000	-0.372049	-0.000071
0	959	-0.000118	-0.000000	0.000000	0.000000	-0.375061	-0.000070
0	960	-0.000118	-0.000000	0.000000	0.000000	-0.378042	-0.000069
0	961	-0.000117	0.000000	0.000000	0.000000	-0.380992	-0.000069
0	962	-0.000115	0.000000	0.000000	0.000000	-0.383911	-0.000068
0	963	-0.000112	0.000000	0.000000	0.000000	-0.386798	-0.000067
0	964	-0.000111	-0.000000	0.000000	0.000000	-0.389654	-0.000066
0	965	-0.000111	-0.000000	0.000000	0.000000	-0.392477	-0.000066
0	966	-0.000111	0.000000	0.000000	0.000000	-0.395268	-0.000065
0	967	-0.000109	0.000000	0.000000	0.000000	-0.398027	-0.000064
0	968	-0.000106	0.000000	0.000000	0.000000	-0.400753	-0.000063
0	969	-0.000104	-0.000000	0.000000	0.000000	-0.403447	-0.000063
0	970	-0.000104	-0.000000	0.000000	0.000000	-0.406107	-0.000062
0	971	-0.000104	-0.000000	0.000000	0.000000	-0.408733	-0.000061
0	972	-0.000103	0.000000	0.000000	0.000000	-0.411326	-0.000060
0	973	-0.000100	0.000000	0.000000	0.000000	-0.413886	-0.000059
0	974	-0.000098	-0.000000	0.000000	0.000000	-0.416411	-0.000059
0	975	-0.000097	-0.000000	0.000000	0.000000	-0.418903	-0.000058
0	976	-0.000097	-0.000000	0.000000	0.000000	-0.421359	-0.000057
0	977	-0.000096	0.000000	0.000000	0.000000	-0.423781	-0.000056
0	978	-0.000093	0.000000	0.000000	0.000000	-0.426168	-0.000055
0	979	-0.000091	-0.000000	0.000000	0.000000	-0.428521	-0.000055
0	980	-0.000090	-0.000000	0.000000	0.000000	-0.430838	-0.000054
0	981	-0.000090	-0.000000	0.000000	0.000000	-0.433120	-0.000053
0	982	-0.000089	0.000000	0.000000	0.000000	-0.435366	-0.000052
0	983	-0.000087	0.000000	0.000000	0.000000	-0.437576	-0.000051
0	984	-0.000084	0.000000	0.000000	0.000000	-0.439751	-0.000051
0	985	-0.000083	-0.000000	0.000000	0.000000	-0.441889	-0.000050
0	986	-0.000083	-0.000000	0.000000	0.000000	-0.443991	-0.000049
0	987	-0.000082	-0.000000	0.000000	0.000000	-0.446057	-0.000048
0	988	-0.000080	0.000000	0.000000	0.000000	-0.448086	-0.000047
0	989	-0.000077	0.000000	0.000000	0.000000	-0.450078	-0.000046
0	990	-0.000075	-0.000000	0.000000	0.000000	-0.452033	-0.000045
0	991	-0.000075	-0.000000	0.000000	0.000000	-0.453951	-0.000045
0	992	-0.000075	-0.000000	0.000000	0.000000	-0.455832	-0.000044
0	993	-0.000073	0.000000	0.000000	0.000000	-0.457675	-0.000043
0	994	-0.000070	0.000000	0.000000	0.000000	-0.459481	-0.000042
0	995	-0.000068	-0.000000	0.000000	0.000000	-0.461249	-0.000041
0	996	-0.000067	-0.000000	0.000000	0.000000	-0.462979	-0.000040
0	997	-0.000067	-0.000000	0.000000	0.000000	-0.464671	-0.000039
0	998	-0.000066	-0.000000	0.000000	0.000000	-0.466325	-0.000038
0	999	-0.000063	0.000000	0.000000	0.000000	-0.467941	-0.000037